1632732156 3773.0
1632732157 3773.0
1632732158 3773.0
1632732159 3773.0
1632732160 3773.0
1632732161 3773.0
1632732162 3773.0
1632732163 3773.0
1632732164 3773.0
1632732165 3773.0
1632732166 3773.0
1632732167 3773.0
1632732168 3773.0
1632732169 3773.0
1632732170 3773.0
1632732171 3773.0
1632732172 3773.0
1632732173 3773.0
1632732174 3773.0
1632732175 3773.0
1632732176 3773.0
1632732177 3773.0
1632732178 3773.0
1632732179 3773.0
1632732180 3773.0
1632732181 3773.0
1632732182 3773.0
1632732183 3773.0
1632732184 3773.0
1632732185 3773.0
1632732186 3773.0
1632732187 3773.0
1632732188 3773.0
1632732189 3773.0
1632732190 3773.0
1632732191 3773.0
1632732192 3773.0
1632732193 3773.0
1632732194 3773.0
1632732195 3773.0
1632732196 3773.0
1632732197 3773.0
1632732198 3773.0
1632732199 3773.0
1632732200 3773.0
1632732201 3773.0
1632732202 3773.0
1632732203 3773.0
1632732204 3773.0
1632732205 3773.0
1632732206 3773.0
1632732207 3773.0
1632732208 3773.0
1632732209 3773.0
1632732210 3773.0
1632732211 3773.0
1632732212 3773.0
1632732213 3773.0
1632732214 None
1632732215 None
