1632732156 1351.0
1632732157 1351.0
1632732158 1351.0
1632732159 1351.0
1632732160 1351.0
1632732161 1351.0
1632732162 1351.0
1632732163 1351.0
1632732164 1351.0
1632732165 1351.0
1632732166 1351.0
1632732167 1351.0
1632732168 1351.0
1632732169 1351.0
1632732170 1351.0
1632732171 1351.0
1632732172 1351.0
1632732173 1351.0
1632732174 1351.0
1632732175 1351.0
1632732176 1351.0
1632732177 1351.0
1632732178 1351.0
1632732179 1351.0
1632732180 1351.0
1632732181 1351.0
1632732182 1351.0
1632732183 1351.0
1632732184 1351.0
1632732185 1351.0
1632732186 1351.0
1632732187 1351.0
1632732188 1351.0
1632732189 1351.0
1632732190 1351.0
1632732191 1351.0
1632732192 1351.0
1632732193 1351.0
1632732194 1351.0
1632732195 1351.0
1632732196 1351.0
1632732197 1351.0
1632732198 1351.0
1632732199 1351.0
1632732200 1351.0
1632732201 1351.0
1632732202 1351.0
1632732203 1351.0
1632732204 1351.0
1632732205 1351.0
1632732206 1351.0
1632732207 1351.0
1632732208 1351.0
1632732209 1351.0
1632732210 1351.0
1632732211 1351.0
1632732212 1351.0
1632732213 1351.0
1632732214 None
1632732215 None
