1632732156 1298.0
1632732157 1298.0
1632732158 1298.0
1632732159 1298.0
1632732160 1298.0
1632732161 1298.0
1632732162 1298.0
1632732163 1298.0
1632732164 1298.0
1632732165 1298.0
1632732166 1298.0
1632732167 1298.0
1632732168 1298.0
1632732169 1298.0
1632732170 1298.0
1632732171 1298.0
1632732172 1298.0
1632732173 1298.0
1632732174 1298.0
1632732175 1298.0
1632732176 1298.0
1632732177 1298.0
1632732178 1298.0
1632732179 1298.0
1632732180 1298.0
1632732181 1298.0
1632732182 1298.0
1632732183 1298.0
1632732184 1298.0
1632732185 1298.0
1632732186 1298.0
1632732187 1298.0
1632732188 1298.0
1632732189 1298.0
1632732190 1298.0
1632732191 1298.0
1632732192 1298.0
1632732193 1298.0
1632732194 1298.0
1632732195 1298.0
1632732196 1298.0
1632732197 1298.0
1632732198 1298.0
1632732199 1298.0
1632732200 1298.0
1632732201 1298.0
1632732202 1298.0
1632732203 1298.0
1632732204 1298.0
1632732205 1298.0
1632732206 1298.0
1632732207 1298.0
1632732208 1298.0
1632732209 1298.0
1632732210 1298.0
1632732211 1298.0
1632732212 1298.0
1632732213 1298.0
1632732214 None
1632732215 None
