1632732156 2894.0
1632732157 2894.0
1632732158 2894.0
1632732159 2892.0
1632732160 2892.0
1632732161 2892.0
1632732162 2892.0
1632732163 2892.0
1632732164 2892.0
1632732165 2892.0
1632732166 2892.0
1632732167 2892.0
1632732168 2892.0
1632732169 2892.0
1632732170 2892.0
1632732171 2892.0
1632732172 2892.0
1632732173 2892.0
1632732174 2892.0
1632732175 2892.0
1632732176 2892.0
1632732177 2892.0
1632732178 2892.0
1632732179 2892.0
1632732180 2892.0
1632732181 2892.0
1632732182 2892.0
1632732183 2892.0
1632732184 2892.0
1632732185 2892.0
1632732186 2892.0
1632732187 2892.0
1632732188 2892.0
1632732189 2892.0
1632732190 2892.0
1632732191 2892.0
1632732192 2892.0
1632732193 2892.0
1632732194 2892.0
1632732195 2892.0
1632732196 2892.0
1632732197 2892.0
1632732198 2892.0
1632732199 2892.0
1632732200 2892.0
1632732201 2892.0
1632732202 2892.0
1632732203 2892.0
1632732204 2892.0
1632732205 2892.0
1632732206 2892.0
1632732207 2892.0
1632732208 2892.0
1632732209 2892.0
1632732210 2892.0
1632732211 2892.0
1632732212 2892.0
1632732213 2892.0
1632732214 None
1632732215 None
