1632732156 2594.0
1632732157 2594.0
1632732158 2594.0
1632732159 2594.0
1632732160 2594.0
1632732161 2594.0
1632732162 2594.0
1632732163 2594.0
1632732164 2594.0
1632732165 2594.0
1632732166 2594.0
1632732167 2594.0
1632732168 2594.0
1632732169 2594.0
1632732170 2594.0
1632732171 2594.0
1632732172 2594.0
1632732173 2594.0
1632732174 2594.0
1632732175 2594.0
1632732176 2594.0
1632732177 2594.0
1632732178 2594.0
1632732179 2594.0
1632732180 2594.0
1632732181 2594.0
1632732182 2594.0
1632732183 2594.0
1632732184 2594.0
1632732185 2594.0
1632732186 2594.0
1632732187 2594.0
1632732188 2594.0
1632732189 2594.0
1632732190 2594.0
1632732191 2594.0
1632732192 2594.0
1632732193 2594.0
1632732194 2594.0
1632732195 2594.0
1632732196 2594.0
1632732197 2594.0
1632732198 2594.0
1632732199 2594.0
1632732200 2594.0
1632732201 2594.0
1632732202 2594.0
1632732203 2594.0
1632732204 2594.0
1632732205 2594.0
1632732206 2594.0
1632732207 2594.0
1632732208 2594.0
1632732209 2594.0
1632732210 2594.0
1632732211 2594.0
1632732212 2594.0
1632732213 2594.0
1632732214 None
1632732215 None
