1632732156 3.0
1632732157 3.0
1632732158 4.0
1632732159 4.0
1632732160 5.0
1632732161 6.0
1632732162 7.0
1632732163 7.0
1632732164 7.0
1632732165 7.0
1632732166 8.0
1632732167 8.0
1632732168 9.0
1632732169 9.0
1632732170 9.0
1632732171 9.0
1632732172 9.0
1632732173 9.0
1632732174 9.0
1632732175 9.0
1632732176 10.0
1632732177 10.0
1632732178 11.0
1632732179 11.0
1632732180 12.0
1632732181 12.0
1632732182 12.0
1632732183 13.0
1632732184 13.0
1632732185 13.0
1632732186 13.0
1632732187 14.0
1632732188 15.0
1632732189 15.0
1632732190 16.0
1632732191 16.0
1632732192 16.0
1632732193 16.0
1632732194 17.0
1632732195 17.0
1632732196 17.0
1632732197 18.0
1632732198 18.0
1632732199 19.0
1632732200 19.0
1632732201 19.0
1632732202 19.0
1632732203 20.0
1632732204 20.0
1632732205 21.0
1632732206 21.0
1632732207 21.0
1632732208 21.0
1632732209 22.0
1632732210 22.0
1632732211 23.0
1632732212 23.0
1632732213 23.0
1632732214 None
1632732215 None
