1632732156 731.0
1632732157 731.0
1632732158 731.0
1632732159 731.0
1632732160 731.0
1632732161 731.0
1632732162 731.0
1632732163 731.0
1632732164 731.0
1632732165 731.0
1632732166 731.0
1632732167 731.0
1632732168 731.0
1632732169 731.0
1632732170 731.0
1632732171 731.0
1632732172 731.0
1632732173 731.0
1632732174 731.0
1632732175 731.0
1632732176 731.0
1632732177 731.0
1632732178 731.0
1632732179 731.0
1632732180 731.0
1632732181 731.0
1632732182 731.0
1632732183 731.0
1632732184 731.0
1632732185 731.0
1632732186 731.0
1632732187 731.0
1632732188 731.0
1632732189 731.0
1632732190 731.0
1632732191 731.0
1632732192 731.0
1632732193 731.0
1632732194 731.0
1632732195 731.0
1632732196 731.0
1632732197 731.0
1632732198 731.0
1632732199 731.0
1632732200 731.0
1632732201 731.0
1632732202 731.0
1632732203 731.0
1632732204 731.0
1632732205 731.0
1632732206 731.0
1632732207 731.0
1632732208 731.0
1632732209 731.0
1632732210 731.0
1632732211 731.0
1632732212 731.0
1632732213 731.0
1632732214 None
1632732215 None
