1632732156 5460.0
1632732157 5460.0
1632732158 5460.0
1632732159 5457.0
1632732160 5457.0
1632732161 5457.0
1632732162 5457.0
1632732163 5457.0
1632732164 5457.0
1632732165 5457.0
1632732166 5457.0
1632732167 5457.0
1632732168 5457.0
1632732169 5457.0
1632732170 5457.0
1632732171 5457.0
1632732172 5457.0
1632732173 5457.0
1632732174 5457.0
1632732175 5457.0
1632732176 5457.0
1632732177 5457.0
1632732178 5457.0
1632732179 5457.0
1632732180 5457.0
1632732181 5457.0
1632732182 5457.0
1632732183 5457.0
1632732184 5457.0
1632732185 5457.0
1632732186 5457.0
1632732187 5457.0
1632732188 5457.0
1632732189 5457.0
1632732190 5457.0
1632732191 5457.0
1632732192 5457.0
1632732193 5457.0
1632732194 5457.0
1632732195 5457.0
1632732196 5457.0
1632732197 5457.0
1632732198 5457.0
1632732199 5457.0
1632732200 5457.0
1632732201 5457.0
1632732202 5457.0
1632732203 5457.0
1632732204 5457.0
1632732205 5457.0
1632732206 5457.0
1632732207 5457.0
1632732208 5457.0
1632732209 5457.0
1632732210 5457.0
1632732211 5457.0
1632732212 5457.0
1632732213 5457.0
1632732214 None
1632732215 None
