1632732155 39.0
1632732156 39.0
1632732157 39.0
1632732158 39.0
1632732159 39.0
1632732160 39.0
1632732161 39.0
1632732162 39.0
1632732163 39.0
1632732164 39.0
1632732165 39.0
1632732166 39.0
1632732167 39.0
1632732168 39.0
1632732169 39.0
1632732170 39.0
1632732171 39.0
1632732172 39.0
1632732173 39.0
1632732174 39.0
1632732175 39.0
1632732176 39.0
1632732177 39.0
1632732178 39.0
1632732179 39.0
1632732180 39.0
1632732181 39.0
1632732182 39.0
1632732183 39.0
1632732184 39.0
1632732185 39.0
1632732186 39.0
1632732187 39.0
1632732188 39.0
1632732189 39.0
1632732190 39.0
1632732191 39.0
1632732192 39.0
1632732193 39.0
1632732194 39.0
1632732195 39.0
1632732196 39.0
1632732197 39.0
1632732198 39.0
1632732199 39.0
1632732200 39.0
1632732201 39.0
1632732202 39.0
1632732203 39.0
1632732204 39.0
1632732205 39.0
1632732206 39.0
1632732207 39.0
1632732208 39.0
1632732209 39.0
1632732210 39.0
1632732211 39.0
1632732212 39.0
1632732213 39.0
1632732214 None
