1632732156 21.0
1632732157 21.0
1632732158 21.0
1632732159 23.0
1632732160 23.0
1632732161 24.0
1632732162 25.0
1632732163 27.0
1632732164 28.0
1632732165 28.0
1632732166 28.0
1632732167 30.0
1632732168 32.0
1632732169 33.0
1632732170 33.0
1632732171 33.0
1632732172 33.0
1632732173 33.0
1632732174 33.0
1632732175 34.0
1632732176 36.0
1632732177 37.0
1632732178 37.0
1632732179 37.0
1632732180 37.0
1632732181 38.0
1632732182 38.0
1632732183 39.0
1632732184 40.0
1632732185 42.0
1632732186 44.0
1632732187 46.0
1632732188 46.0
1632732189 46.0
1632732190 47.0
1632732191 47.0
1632732192 47.0
1632732193 47.0
1632732194 47.0
1632732195 48.0
1632732196 49.0
1632732197 50.0
1632732198 50.0
1632732199 50.0
1632732200 50.0
1632732201 51.0
1632732202 51.0
1632732203 53.0
1632732204 56.0
1632732205 57.0
1632732206 57.0
1632732207 58.0
1632732208 59.0
1632732209 59.0
1632732210 59.0
1632732211 61.0
1632732212 63.0
1632732213 63.0
1632732214 None
1632732215 None
