1632732156 1020.0
1632732157 1020.0
1632732158 1020.0
1632732159 1024.0
1632732160 1024.0
1632732161 1024.0
1632732162 1024.0
1632732163 1024.0
1632732164 1024.0
1632732165 1024.0
1632732166 1024.0
1632732167 1024.0
1632732168 1024.0
1632732169 1024.0
1632732170 1024.0
1632732171 1024.0
1632732172 1024.0
1632732173 1024.0
1632732174 1024.0
1632732175 1024.0
1632732176 1024.0
1632732177 1024.0
1632732178 1024.0
1632732179 1024.0
1632732180 1024.0
1632732181 1024.0
1632732182 1024.0
1632732183 1024.0
1632732184 1024.0
1632732185 1024.0
1632732186 1024.0
1632732187 1024.0
1632732188 1024.0
1632732189 1024.0
1632732190 1024.0
1632732191 1024.0
1632732192 1024.0
1632732193 1024.0
1632732194 1024.0
1632732195 1024.0
1632732196 1024.0
1632732197 1024.0
1632732198 1024.0
1632732199 1024.0
1632732200 1024.0
1632732201 1024.0
1632732202 1024.0
1632732203 1024.0
1632732204 1024.0
1632732205 1024.0
1632732206 1024.0
1632732207 1024.0
1632732208 1024.0
1632732209 1024.0
1632732210 1024.0
1632732211 1024.0
1632732212 1024.0
1632732213 1024.0
1632732214 None
1632732215 None
