1632732155 2.0
1632732156 2.0
1632732157 2.0
1632732158 3.0
1632732159 3.0
1632732160 4.0
1632732161 5.0
1632732162 5.0
1632732163 6.0
1632732164 6.0
1632732165 6.0
1632732166 7.0
1632732167 8.0
1632732168 9.0
1632732169 9.0
1632732170 10.0
1632732171 11.0
1632732172 11.0
1632732173 12.0
1632732174 12.0
1632732175 13.0
1632732176 13.0
1632732177 14.0
1632732178 15.0
1632732179 15.0
1632732180 16.0
1632732181 17.0
1632732182 17.0
1632732183 18.0
1632732184 18.0
1632732185 19.0
1632732186 20.0
1632732187 20.0
1632732188 20.0
1632732189 21.0
1632732190 21.0
1632732191 21.0
1632732192 22.0
1632732193 23.0
1632732194 23.0
1632732195 24.0
1632732196 25.0
1632732197 26.0
1632732198 27.0
1632732199 28.0
1632732200 28.0
1632732201 28.0
1632732202 29.0
1632732203 29.0
1632732204 30.0
1632732205 30.0
1632732206 31.0
1632732207 32.0
1632732208 33.0
1632732209 33.0
1632732210 33.0
1632732211 34.0
1632732212 34.0
1632732213 35.0
1632732214 None
