1632732156 866.0
1632732157 866.0
1632732158 866.0
1632732159 866.0
1632732160 866.0
1632732161 866.0
1632732162 866.0
1632732163 866.0
1632732164 866.0
1632732165 866.0
1632732166 866.0
1632732167 866.0
1632732168 866.0
1632732169 866.0
1632732170 866.0
1632732171 866.0
1632732172 866.0
1632732173 866.0
1632732174 866.0
1632732175 866.0
1632732176 866.0
1632732177 866.0
1632732178 866.0
1632732179 866.0
1632732180 866.0
1632732181 866.0
1632732182 866.0
1632732183 866.0
1632732184 866.0
1632732185 866.0
1632732186 866.0
1632732187 866.0
1632732188 866.0
1632732189 866.0
1632732190 866.0
1632732191 866.0
1632732192 866.0
1632732193 866.0
1632732194 866.0
1632732195 866.0
1632732196 866.0
1632732197 866.0
1632732198 866.0
1632732199 866.0
1632732200 866.0
1632732201 866.0
1632732202 866.0
1632732203 866.0
1632732204 866.0
1632732205 866.0
1632732206 866.0
1632732207 866.0
1632732208 866.0
1632732209 866.0
1632732210 866.0
1632732211 866.0
1632732212 866.0
1632732213 866.0
1632732214 None
1632732215 None
