1632732156 11.0
1632732157 13.0
1632732158 15.0
1632732159 16.0
1632732160 18.0
1632732161 21.0
1632732162 23.0
1632732163 24.0
1632732164 25.0
1632732165 25.0
1632732166 27.0
1632732167 28.0
1632732168 29.0
1632732169 31.0
1632732170 34.0
1632732171 36.0
1632732172 38.0
1632732173 39.0
1632732174 39.0
1632732175 40.0
1632732176 41.0
1632732177 41.0
1632732178 45.0
1632732179 47.0
1632732180 49.0
1632732181 51.0
1632732182 51.0
1632732183 52.0
1632732184 54.0
1632732185 54.0
1632732186 55.0
1632732187 56.0
1632732188 58.0
1632732189 60.0
1632732190 61.0
1632732191 61.0
1632732192 63.0
1632732193 66.0
1632732194 68.0
1632732195 70.0
1632732196 73.0
1632732197 75.0
1632732198 78.0
1632732199 80.0
1632732200 80.0
1632732201 82.0
1632732202 84.0
1632732203 84.0
1632732204 85.0
1632732205 86.0
1632732206 89.0
1632732207 91.0
1632732208 92.0
1632732209 94.0
1632732210 94.0
1632732211 94.0
1632732212 95.0
1632732213 97.0
1632732214 None
1632732215 None
